--// This file was created by XHider https://discord.com/invite/E2N7w35zkt

if not game:IsLoaded()then game.IsLoaded:Wait()end repeat task.wait()until(getgenv()).Configs local m=(getgenv()).Configs local o=(game:GetService("Players")).LocalPlayer task.spawn(function()while true do if not o.Team or o.Team.Name=="Neutral"then pcall(function()(((game:GetService("ReplicatedStorage")):WaitForChild("Remotes")):WaitForChild("CommF_")):InvokeServer("SetTeam","Pirates")end)else break end task.wait(1)end end)local C=game:GetService("Players")local O=game.PlaceId local t=game:GetService("Workspace")local I=t:WaitForChild("Enemies")local W=game:GetService("TeleportService")local n=game:GetService("ReplicatedStorage")local A=(o:WaitForChild("Data")):WaitForChild("Level")local j=(o:WaitForChild("Data")):WaitForChild("Fragments")local N=(o:WaitForChild("Data")):WaitForChild("Beli")local q=require(n.Modules.Net)local Q=game:GetService("Lighting")local J=game:service("VirtualInputManager")local P=game:service("VirtualUser")local k=game:GetService("CoreGui")local c=game:GetService("TweenService")local D={}task.spawn(function()if m["Black Screen"]then(game:GetService("Lighting")).ExposureCompensation=-math.huge end end)task.spawn(function()if m["Lock Fps"].Enabled then local o=m["Lock Fps"].FPS while true do setfpscap(o)end end end)task.spawn(function()if(getgenv()).Configs and(getgenv()).Configs["FPS Booster"]then n.Effect:Destroy()for m,o in pairs(getconnections(o.PlayerGui.Main.Settings.Buttons.FastModeButton.Activated))do o.Function()end end end)wait(2)task.spawn(function()if m["FPS Booster"]then local m=t:WaitForChild("Enemies")local I=(t:WaitForChild("Map")):GetDescendants()for o,C in ipairs(I)do if C:IsA("BasePart")then local o=false for m=1,5,1 do local O=t.Map.Jungle.QuestPlates:FindFirstChild("Plate"..m)if O and(C.Name=="Button"and C:IsDescendantOf(O))then o=true break end end if o then continue end if C.Name=="Door"and C:IsDescendantOf(t.Map.Ice)then continue end if C:IsDescendantOf(t.Map.Jungle:FindFirstChild("Final"))then continue end if t.Map:FindFirstChild("IceCastle")then if C:IsDescendantOf(t.Map:FindFirstChild("IceCastle"))then continue end end local O=true for m,o in ipairs(m:GetChildren())do local t=o:FindFirstChild("HumanoidRootPart")if t and(t.Position-C.Position).Magnitude<10 then O=false break end end if O then C:Destroy()end end end if o.PlayerGui:FindFirstChild("Notifications")then o.PlayerGui.Notifications.Enabled=false end shared=shared or{}if shared.BC_1==nil then shared.BC_1=true end if shared.BC_1 and shared.BC_2==nil then local m=workspace local t=Q local I=m.Terrain local W=C local A=o.Character I.WaterWaveSize=0 I.WaterWaveSpeed=0 I.WaterReflectance=0 I.WaterTransparency=0 t.GlobalShadows=false t.FogEnd=9000000000.0 t.Brightness=0 if settings and(settings()).Rendering then(settings()).Rendering.QualityLevel="Level01";(settings()).Rendering.GraphicsMode="NoGraphics"end for m,o in pairs(m:GetDescendants())do if o:IsA("BasePart")or o:IsA("SpawnLocation")or o:IsA("WedgePart")or o:IsA("Terrain")or o:IsA("MeshPart")then o.Material=Enum.Material.Plastic o.Reflectance=0 o.CastShadow=false elseif o:IsA("Decal")or o:IsA("Texture")then o.Texture=""o.Transparency=1 elseif o:IsA("ParticleEmitter")or o:IsA("Trail")then o.LightInfluence=0 o.Texture=""o.Lifetime=NumberRange.new(0)elseif o:IsA("Explosion")then o.BlastPressure=0 o.BlastRadius=0 elseif o:IsA("Fire")or o:IsA("SpotLight")or o:IsA("Smoke")or o:IsA("Sparkles")then o.Enabled=false elseif o:IsA("MeshPart")then o.Material=Enum.Material.Plastic o.Reflectance=0 o.TextureID=""o.CastShadow=false o.RenderFidelity=Enum.RenderFidelity.Performance elseif o:IsA("SpecialMesh")then o.TextureId=""elseif o:IsA("Shirt")or o:IsA("Pants")or o:IsA("Accessory")then o:Destroy()end end for m,o in pairs(t:GetDescendants())do if o:IsA("BlurEffect")or o:IsA("SunRaysEffect")or o:IsA("ColorCorrectionEffect")or o:IsA("BloomEffect")or o:IsA("DepthOfFieldEffect")then o.Enabled=false end end if A then for m,o in pairs(A:GetDescendants())do if o:IsA("Shirt")or o:IsA("Pants")or o:IsA("Accessory")then o:Destroy()end end end if O==2753915549 or O==85211729168715 or O==79091703265657 or O==100117331123089 or O==4442272183 or O==7449423635 then local m=n:FindFirstChild("Effect")and n.Effect:FindFirstChild("Container")if m then local o=m:FindFirstChild("Shared")local C=m:FindFirstChild("Misc")if o then if o:FindFirstChild("AirDash")then o.AirDash:Destroy()end if o:FindFirstChild("LightningTP")then o.LightningTP:Destroy()end end if C then if C:FindFirstChild("Damage")then C.Damage:Destroy()end if C:FindFirstChild("Confetti")then C.Confetti:Destroy()end end if m:FindFirstChild("LevelUp")then m.LevelUp:Destroy()end end end end shared.BC_2=true end end)local Z=game.Players.LocalPlayer local g=Z:WaitForChild("PlayerGui")local U=game:GetService("Lighting")local x=Instance.new("BlurEffect")x.Name="CameraBlur"x.Size=0 x.Parent=U local u=Instance.new("ScreenGui")u.Name="KaitunPremium"u.Parent=game:GetService("CoreGui")u.ResetOnSpawn=false u.Enabled=false local T=Instance.new("Frame")T.AnchorPoint=Vector2.new(.5,.5)T.BackgroundTransparency=1 T.Name="DropShadowHolder"T.Parent=u T.Position=UDim2.new(.5,0,.5,0)T.Size=UDim2.new(0,600,0,400)local f=Instance.new("Frame")f.AnchorPoint=Vector2.new(.5,.5)f.BackgroundColor3=Color3.fromRGB(0,0,0)f.BackgroundTransparency=.5 f.Name="Main"f.Parent=T f.Position=UDim2.new(.5,0,.5,0)f.Size=UDim2.new(1,-47,1,-47)local p=Instance.new("UICorner")p.CornerRadius=UDim.new(0,5)p.Parent=f local z=Instance.new("UIStroke")z.Color=Color3.fromRGB(138,43,226)z.Thickness=2.5 z.Parent=f local L=Instance.new("Frame")L.Name="Divider"L.Parent=f L.Position=UDim2.new(.15,0,.15,0)L.Size=UDim2.new(.7,0,0,2)L.BackgroundColor3=Color3.fromRGB(0,191,255)L.BorderSizePixel=0 local H=Instance.new("Frame")H.Name="Divider"H.Parent=f H.Position=UDim2.new(.1,0,.75,0)H.Size=UDim2.new(.8,0,0,2)H.BackgroundColor3=Color3.fromRGB(0,191,255)H.BorderSizePixel=0 local G=Instance.new("TextLabel")G.Name="Top"G.Parent=f G.Position=UDim2.new(.5,0,.05,0)G.AnchorPoint=Vector2.new(.5,0)G.Size=UDim2.new(0,0,0,18)G.FontFace=Font.new("rbxasset://fonts/families/GothamSSm.json",Enum.FontWeight.Bold,Enum.FontStyle.Normal)G.Text="Kemu Hub"G.TextColor3=Color3.fromRGB(255,255,255)G.TextSize=16 G.BackgroundTransparency=1 local b=Instance.new("TextLabel")b.Name="Under"b.Parent=f b.Position=UDim2.new(.2,0,.25,0)b.AnchorPoint=Vector2.new(.5,0)b.Size=UDim2.new(0,0,0,18)b.FontFace=Font.new("rbxasset://fonts/families/GothamSSm.json",Enum.FontWeight.Bold,Enum.FontStyle.Normal)b.Text="Account Stats"b.TextColor3=Color3.fromRGB(255,255,255)b.TextSize=16 b.BackgroundTransparency=1 local F=Instance.new("TextLabel")F.Name="Under"F.Parent=f F.Position=UDim2.new(.75,0,.25,0)F.AnchorPoint=Vector2.new(.5,0)F.Size=UDim2.new(0,0,0,18)F.FontFace=Font.new("rbxasset://fonts/families/GothamSSm.json",Enum.FontWeight.Bold,Enum.FontStyle.Normal)F.Text="Account Items"F.TextColor3=Color3.fromRGB(255,255,255)F.TextSize=16 F.BackgroundTransparency=1 LvlDashboardLabel=Instance.new("TextLabel")LvlDashboardLabel.Parent=f LvlDashboardLabel.Position=UDim2.new(.07,0,.35,0)LvlDashboardLabel.Size=UDim2.new(0,0,0,18)LvlDashboardLabel.FontFace=Font.new("rbxasset://fonts/families/GothamSSm.json",Enum.FontWeight.Bold,Enum.FontStyle.Normal)LvlDashboardLabel.Text="Level: N/A"LvlDashboardLabel.TextColor3=Color3.fromRGB(255,255,255)LvlDashboardLabel.TextSize=16 LvlDashboardLabel.TextXAlignment=Enum.TextXAlignment.Left LvlDashboardLabel.BackgroundTransparency=1 RaceDashboardLabel=Instance.new("TextLabel")RaceDashboardLabel.Parent=f RaceDashboardLabel.Position=UDim2.new(.07,0,.45,0)RaceDashboardLabel.Size=UDim2.new(0,0,0,18)RaceDashboardLabel.FontFace=Font.new("rbxasset://fonts/families/GothamSSm.json",Enum.FontWeight.Bold,Enum.FontStyle.Normal)RaceDashboardLabel.Text="Race: N/A"RaceDashboardLabel.TextColor3=Color3.fromRGB(255,255,255)RaceDashboardLabel.TextSize=16 RaceDashboardLabel.TextXAlignment=Enum.TextXAlignment.Left RaceDashboardLabel.BackgroundTransparency=1 BeliDashboardLabel=Instance.new("TextLabel")BeliDashboardLabel.Parent=f BeliDashboardLabel.Position=UDim2.new(.07,0,.55,0)BeliDashboardLabel.Size=UDim2.new(0,0,0,18)BeliDashboardLabel.FontFace=Font.new("rbxasset://fonts/families/GothamSSm.json",Enum.FontWeight.Bold,Enum.FontStyle.Normal)BeliDashboardLabel.Text="Beli: N/A"BeliDashboardLabel.TextColor3=Color3.fromRGB(255,255,255)BeliDashboardLabel.TextSize=16 BeliDashboardLabel.TextXAlignment=Enum.TextXAlignment.Left BeliDashboardLabel.BackgroundTransparency=1 FragDashboardLabel=Instance.new("TextLabel")FragDashboardLabel.Parent=f FragDashboardLabel.Position=UDim2.new(.07,0,.65,0)FragDashboardLabel.Size=UDim2.new(0,0,0,18)FragDashboardLabel.FontFace=Font.new("rbxasset://fonts/families/GothamSSm.json",Enum.FontWeight.Bold,Enum.FontStyle.Normal)FragDashboardLabel.Text="Frag: N/A"FragDashboardLabel.TextColor3=Color3.fromRGB(255,255,255)FragDashboardLabel.TextSize=16 FragDashboardLabel.TextXAlignment=Enum.TextXAlignment.Left FragDashboardLabel.BackgroundTransparency=1 GHMDashboardLabel=Instance.new("TextLabel")GHMDashboardLabel.Parent=f GHMDashboardLabel.Position=UDim2.new(.07,0,.8,0)GHMDashboardLabel.Size=UDim2.new(0,0,0,18)GHMDashboardLabel.FontFace=Font.new("rbxasset://fonts/families/GothamSSm.json",Enum.FontWeight.Bold,Enum.FontStyle.Normal)GHMDashboardLabel.Text="\240\159\148\180 GodHuman"GHMDashboardLabel.TextColor3=Color3.fromRGB(255,255,255)GHMDashboardLabel.TextSize=16 GHMDashboardLabel.TextXAlignment=Enum.TextXAlignment.Left GHMDashboardLabel.BackgroundTransparency=1 GuitarDashboardLabel=Instance.new("TextLabel")GuitarDashboardLabel.Parent=f GuitarDashboardLabel.Position=UDim2.new(.07,0,.9,0)GuitarDashboardLabel.Size=UDim2.new(0,0,0,18)GuitarDashboardLabel.FontFace=Font.new("rbxasset://fonts/families/GothamSSm.json",Enum.FontWeight.Bold,Enum.FontStyle.Normal)GuitarDashboardLabel.Text="\240\159\148\180 Skull Guitar"GuitarDashboardLabel.TextColor3=Color3.fromRGB(255,255,255)GuitarDashboardLabel.TextSize=16 GuitarDashboardLabel.TextXAlignment=Enum.TextXAlignment.Left GuitarDashboardLabel.BackgroundTransparency=1 CDKDashboardLabel=Instance.new("TextLabel")CDKDashboardLabel.Parent=f CDKDashboardLabel.Position=UDim2.new(.4,0,.8,0)CDKDashboardLabel.Size=UDim2.new(0,0,0,18)CDKDashboardLabel.FontFace=Font.new("rbxasset://fonts/families/GothamSSm.json",Enum.FontWeight.Bold,Enum.FontStyle.Normal)CDKDashboardLabel.Text="\240\159\148\180 Curse Dual Katana"CDKDashboardLabel.TextColor3=Color3.fromRGB(255,255,255)CDKDashboardLabel.TextSize=16 CDKDashboardLabel.TextXAlignment=Enum.TextXAlignment.Left CDKDashboardLabel.BackgroundTransparency=1 MirrorDashboardLabel=Instance.new("TextLabel")MirrorDashboardLabel.Parent=f MirrorDashboardLabel.Position=UDim2.new(.4,0,.9,0)MirrorDashboardLabel.Size=UDim2.new(0,0,0,18)MirrorDashboardLabel.FontFace=Font.new("rbxasset://fonts/families/GothamSSm.json",Enum.FontWeight.Bold,Enum.FontStyle.Normal)MirrorDashboardLabel.Text="\240\159\148\180 Mirror Fractal"MirrorDashboardLabel.TextColor3=Color3.fromRGB(255,255,255)MirrorDashboardLabel.TextSize=16 MirrorDashboardLabel.TextXAlignment=Enum.TextXAlignment.Left MirrorDashboardLabel.BackgroundTransparency=1 ValkDashboardLabel=Instance.new("TextLabel")ValkDashboardLabel.Parent=f ValkDashboardLabel.Position=UDim2.new(.75,0,.8,0)ValkDashboardLabel.Size=UDim2.new(0,0,0,18)ValkDashboardLabel.FontFace=Font.new("rbxasset://fonts/families/GothamSSm.json",Enum.FontWeight.Bold,Enum.FontStyle.Normal)ValkDashboardLabel.Text="\240\159\148\180 Valkyrie Helm"ValkDashboardLabel.TextColor3=Color3.fromRGB(255,255,255)ValkDashboardLabel.TextSize=16 ValkDashboardLabel.TextXAlignment=Enum.TextXAlignment.Left ValkDashboardLabel.BackgroundTransparency=1 LeverDashboardLabel=Instance.new("TextLabel")LeverDashboardLabel.Parent=f LeverDashboardLabel.Position=UDim2.new(.75,0,.9,0)LeverDashboardLabel.Size=UDim2.new(0,0,0,18)LeverDashboardLabel.FontFace=Font.new("rbxasset://fonts/families/GothamSSm.json",Enum.FontWeight.Bold,Enum.FontStyle.Normal)LeverDashboardLabel.Text="\240\159\148\180 Pull Lever"LeverDashboardLabel.TextColor3=Color3.fromRGB(255,255,255)LeverDashboardLabel.TextSize=16 LeverDashboardLabel.TextXAlignment=Enum.TextXAlignment.Left LeverDashboardLabel.BackgroundTransparency=1 local X=Instance.new("ScreenGui")X.Name="StatusOverlay"X.Parent=game:GetService("CoreGui")X.ResetOnSpawn=false local e=Instance.new("Frame")e.Name="StatusHolder"e.Parent=X e.AnchorPoint=Vector2.new(.5,.5)e.BackgroundTransparency=1 e.Position=UDim2.new(.5,0,.05,0)e.Size=UDim2.new(0,320,0,68)local M=Instance.new("Frame")M.Name="Main"M.Parent=e M.AnchorPoint=Vector2.new(.5,.5)M.BackgroundColor3=Color3.fromRGB(0,0,0)M.BackgroundTransparency=.5 M.Position=UDim2.new(.5,0,.5,0)M.Size=UDim2.new(1,0,1,0)local w=Instance.new("UIStroke")w.Parent=M w.Color=Color3.fromRGB(138,43,226)w.Thickness=2.5 StatusItemLabel=Instance.new("TextLabel")StatusItemLabel.Name="StatusItem"StatusItemLabel.Parent=M StatusItemLabel.AnchorPoint=Vector2.new(.5,0)StatusItemLabel.BackgroundTransparency=1 StatusItemLabel.Position=UDim2.new(.5,0,0,10)StatusItemLabel.Size=UDim2.new(0,300,0,18)StatusItemLabel.FontFace=Font.new("rbxasset://fonts/families/GothamSSm.json",Enum.FontWeight.Bold,Enum.FontStyle.Normal)StatusItemLabel.Text="Status: Initializing..."StatusItemLabel.TextColor3=Color3.fromRGB(0,191,255)StatusItemLabel.TextSize=16 StatusFarmLabel=Instance.new("TextLabel")StatusFarmLabel.Name="StatusFarm"StatusFarmLabel.Parent=M StatusFarmLabel.AnchorPoint=Vector2.new(.5,0)StatusFarmLabel.BackgroundTransparency=1 StatusFarmLabel.Position=UDim2.new(.5,0,0,30)StatusFarmLabel.Size=UDim2.new(0,300,0,18)StatusFarmLabel.FontFace=Font.new("rbxasset://fonts/families/GothamSSm.json",Enum.FontWeight.Bold,Enum.FontStyle.Normal)StatusFarmLabel.Text="Status Farm: N/A"StatusFarmLabel.TextColor3=Color3.fromRGB(0,191,255)StatusFarmLabel.TextSize=16 local B=Instance.new("ScreenGui")B.Name="ToggleGui"B.Parent=game:GetService("CoreGui")local l=Instance.new("Frame")l.Name="ToggleButtonFrame"l.Parent=B l.BackgroundColor3=Color3.fromRGB(255,255,255)l.Position=UDim2.new(0,20,.1,-6)l.Size=UDim2.new(0,50,0,50)l.Active=true l.Draggable=true local E=Instance.new("UICorner")E.CornerRadius=UDim.new(1,0)E.Parent=l local K=Instance.new("ImageLabel")K.Parent=l K.AnchorPoint=Vector2.new(.5,.5)K.BackgroundTransparency=1 K.Position=UDim2.new(.5,0,.5,0)K.Size=UDim2.new(0,40,0,40)K.Image="rbxassetid://95822296675070"local d=Instance.new("TextButton")d.Parent=l d.BackgroundTransparency=1 d.Size=UDim2.new(1,0,1,0)d.Text=""d.MouseButton1Click:Connect(function()u.Enabled=not u.Enabled if u.Enabled then(c:Create(x,TweenInfo.new(.5),{Size=24})):Play();(c:Create(l,TweenInfo.new(.5),{BackgroundTransparency=.25})):Play()else(c:Create(x,TweenInfo.new(.5),{Size=0})):Play();(c:Create(l,TweenInfo.new(.5),{BackgroundTransparency=0})):Play()end end)function UpdateStatusAccount(m)StatusFarmLabel.Text="Status Farm : "..tostring(m)end function UpdateStatusItem(m)StatusItemLabel.Text="Status : "..tostring(m)end Stats={Status={SetTitle=function(m,o)StatusFarmLabel.Text="Status Farm : "..tostring(o)end}}_G.UpdateStatusAccount=UpdateStatusAccount _G.UpdateStatusItem=UpdateStatusItem if O==2753915549 or O==85211729168715 then Old_World=true elseif O==4442272183 or O==79091703265657 then New_World=true elseif O==7449423635 or O==100117331123089 then Three_World=true end local a=(o:WaitForChild("Data")):WaitForChild("Level")function CheckLevel2()local m=(game:GetService("Players")).LocalPlayer.Data.Level.Value if Old_World then if game.Players.LocalPlayer.Data.Level.Value==1 or game.Players.LocalPlayer.Data.Level.Value<=9 or SelectMonster==""then Ms="Bandit"NameQuest="BanditQuest1"QuestLv=1 NameMon="Bandit"CFrameQ=CFrame.new(1059.37195,15.4495068,1550.4231,.939700544,0,-0.341998369,0,1,0,.341998369,0,.939700544)CFrameMon=CFrame.new(1353.44885,3.40935516,1376.92029,.776053488,-6.97791975e-008,.630666852,6.99138596e-008,1,2.4612488e-008,-0.630666852,2.49917598e-008,.776053488)Next_Level_X=10 elseif game.Players.LocalPlayer.Data.Level.Value==10 or game.Players.LocalPlayer.Data.Level.Value<=100 then Ms="Shanda"NameQuest="SkyExp1Quest"QuestLv=2 NameMon="Shanda"CFrameQ=CFrame.new(-7859.09814,5544.19043,-381.476196)CFrameMon=CFrame.new(-7904.57373,5584.37646,-459.62973)Next_Level_X=75 elseif game.Players.LocalPlayer.Data.Level.Value>=60 and game.Players.LocalPlayer.Data.Level.Value<=74 or SelectMonster=="Desert Bandit"then Ms="Desert Bandit"NameQuest="DesertQuest"QuestLv=1 NameMon="Desert Bandit"CFrameQ=CFrame.new(894.488647,5.14000702,4392.43359,.819155693,0,-0.573571265,0,1,0,.573571265,0,.819155693)CFrameMon=CFrame.new(932.788818,6.8503746,4488.24609,-0.998625934,3.08948351e-008,.0524050146,2.79967303e-008,1,-5.60361286e-008,-0.0524050146,-5.44919629e-008,-0.998625934)elseif game.Players.LocalPlayer.Data.Level.Value>=75 and game.Players.LocalPlayer.Data.Level.Value<=89 or SelectMonster=="Desert Officer"then Ms="Desert Officer"NameQuest="DesertQuest"QuestLv=2 NameMon="Desert Officer"CFrameQ=CFrame.new(894.488647,5.14000702,4392.43359,.819155693,0,-0.573571265,0,1,0,.573571265,0,.819155693)CFrameMon=CFrame.new(1617.07886,1.5542295,4295.54932,-0.997540116,-2.26287735e-008,-0.070099175,-1.69377223e-008,1,-8.17798806e-008,.070099175,-8.03913949e-008,-0.997540116)SelectMonster="Desert Bandit"Next_Level_X=90 elseif game.Players.LocalPlayer.Data.Level.Value>=90 and game.Players.LocalPlayer.Data.Level.Value<=99 or SelectMonster=="Snow Bandit"then Ms="Snow Bandit"NameQuest="SnowQuest"QuestLv=1 NameMon="Snow Bandit"CFrameQ=CFrame.new(1389.74451,86.6520844,-1298.90796,-0.342042685,0,.939684391,0,1,0,-0.939684391,0,-0.342042685)CFrameMon=CFrame.new(1412.92346,55.3503647,-1260.62036,-0.246266365,-0.0169920288,-0.969053388,.000432241941,.999844253,-0.0176417865,.969202161,-0.00476344163,-0.246220857)if SelectMonster=="Snow Bandit"then else Next_Level_X=100 end if game.Players.LocalPlayer.Data.Level.Value>=110 then SelectBoss_P="Yeti"end elseif game.Players.LocalPlayer.Data.Level.Value==100 or game.Players.LocalPlayer.Data.Level.Value<=119 or SelectMonster=="Snowman"then Next_Level_X=120 Ms="Snowman"NameQuest="SnowQuest"QuestLv=2 NameMon="Snowman"CFrameQ=CFrame.new(1389.74451,86.6520844,-1298.90796,-0.342042685,0,.939684391,0,1,0,-0.939684391,0,-0.342042685)CFrameMon=CFrame.new(1376.86401,97.2779999,-1396.93115,-0.986755967,7.71178321e-008,-0.162211925,7.71531674e-008,1,6.08143536e-009,.162211925,-6.51427134e-009,-0.986755967)if game.Players.LocalPlayer.Data.Level.Value>=110 then SelectBoss_P="Yeti"end SelectMonster="Snow Bandit"elseif game.Players.LocalPlayer.Data.Level.Value==120 or game.Players.LocalPlayer.Data.Level.Value<=174 or SelectMonster=="Chief Petty Officer"then Ms="Chief Petty Officer"NameQuest="MarineQuest2"QuestLv=1 NameMon="Chief Petty Officer"CFrameQ=CFrame.new(-5039.58643,27.3500385,4324.68018,0,0,-1,0,1,0,1,0,0)CFrameMon=CFrame.new(-4882.8623,22.6520386,4255.53516,.273695946,-5.40380647e-008,-0.96181643,4.37720793e-008,1,-4.37274998e-008,.96181643,-3.01326679e-008,.273695946)if game.Players.LocalPlayer.Data.Level.Value>=130 then SelectBoss_P="Vice Admiral"end if SelectMonster=="Chief Petty Officer"then else Next_Level_X=175 end elseif SelectMonster=="Sky Bandit"then Ms="Sky Bandit"NameQuest="SkyQuest"QuestLv=1 NameMon="Sky Bandit"CFrameQ=CFrame.new(-4839.53027,716.368591,-2619.44165,.866007268,0,.500031412,0,1,0,-0.500031412,0,.866007268)CFrameMon=CFrame.new(-4959.51367,365.39267,-2974.56812,.964867651,7.74418396e-008,.262737453,-6.95931988e-008,1,-3.91783708e-008,-0.262737453,1.95171506e-008,.964867651)elseif game.Players.LocalPlayer.Data.Level.Value==175 or game.Players.LocalPlayer.Data.Level.Value<=189 or SelectMonster=="Dark Master"then Ms="Dark Master"NameQuest="SkyQuest"QuestLv=2 NameMon="Dark Master"CFrameQ=CFrame.new(-4839.53027,716.368591,-2619.44165,.866007268,0,.500031412,0,1,0,-0.500031412,0,.866007268)CFrameMon=CFrame.new(-5079.98096,376.477356,-2194.17139,.465965867,-3.69776352e-008,.884802461,3.40249851e-009,1,4.00000886e-008,-0.884802461,-1.56281423e-008,.465965867)SelectMonster="Sky Bandit"if SelectMonster=="Dark Master"then else Next_Level_X=190 end elseif game.Players.LocalPlayer.Data.Level.Value==190 or game.Players.LocalPlayer.Data.Level.Value<=209 or SelectMonster=="Prisoner"then Ms="Prisoner"QuestLv=1 NameQuest="PrisonerQuest"NameMon="Prisoner"CFrameQ=CFrame.new(5308.93115,1.65517521,475.120514,-0.0894274712,-5.00292918e-009,-0.995993316,1.60817859e-009,1,-5.16744869e-009,.995993316,-2.06384709e-009,-0.0894274712)CFrameMon=CFrame.new(5433.39307,88.678093,514.986877,.879988372,0,-0.474995494,0,1,0,.474995494,0,.879988372)if game.Players.LocalPlayer.Data.Level.Value>=220 then SelectBoss_P="Warden"end if game.Players.LocalPlayer.Data.Level.Value>=232 then SelectBoss_P="Chief Warden"end if game.Players.LocalPlayer.Data.Level.Value>=242 then SelectBoss_P="Thunder God"end if SelectMonster=="Prisoner"then else Next_Level_X=210 end Bypass_TP_Dis=true elseif game.Players.LocalPlayer.Data.Level.Value==210 or game.Players.LocalPlayer.Data.Level.Value<=249 or SelectMonster=="Dangerous Prisoner"then if game.Players.LocalPlayer.Data.Level.Value>=220 then SelectBoss_P="Warden"end if game.Players.LocalPlayer.Data.Level.Value>=232 then SelectBoss_P="Chief Warden"end if game.Players.LocalPlayer.Data.Level.Value>=242 then SelectBoss_P="Thunder God"end Ms="Dangerous Prisoner"QuestLv=2 NameQuest="PrisonerQuest"NameMon="Dangerous Prisoner"CFrameQ=CFrame.new(5308.93115,1.65517521,475.120514,-0.0894274712,-5.00292918e-009,-0.995993316,1.60817859e-009,1,-5.16744869e-009,.995993316,-2.06384709e-009,-0.0894274712)CFrameMon=CFrame.new(5433.39307,88.678093,514.986877,.879988372,0,-0.474995494,0,1,0,.474995494,0,.879988372)SelectMonster="Prisoner"Next_Level_X=250 Bypass_TP_Dis=true elseif game.Players.LocalPlayer.Data.Level.Value==250 or game.Players.LocalPlayer.Data.Level.Value<=274 or SelectMonster=="Toga Warrior"then Ms="Toga Warrior"NameQuest="ColosseumQuest"QuestLv=1 NameMon="Toga Warrior"CFrameQ=CFrame.new(-1576.11743,7.38933945,-2983.30762,.576966345,1.22114863e-009,.816767931,-3.58496594e-010,1,-1.24185606e-009,-0.816767931,4.2370063e-010,.576966345)CFrameMon=CFrame.new(-1779.97583,44.6077499,-2736.35474,.984437346,4.10396339e-008,.175734788,-3.62286876e-008,1,-3.05844168e-008,-0.175734788,2.3741821e-008,.984437346)if SelectMonster=="Toga Warrior"then else Next_Level_X=275 end elseif game.Players.LocalPlayer.Data.Level.Value==275 or game.Players.LocalPlayer.Data.Level.Value<=299 or SelectMonster=="Gladiator"then Ms="Gladiator"NameQuest="ColosseumQuest"QuestLv=2 NameMon="Gladiator"CFrameQ=CFrame.new(-1576.11743,7.38933945,-2983.30762,.576966345,1.22114863e-009,.816767931,-3.58496594e-010,1,-1.24185606e-009,-0.816767931,4.2370063e-010,.576966345)CFrameMon=CFrame.new(-1274.75903,58.1895943,-3188.16309,.464524001,6.21005611e-008,.885560572,-4.80449414e-009,1,-6.76054768e-008,-0.885560572,2.71497012e-008,.464524001)SelectMonster="Toga Warrior"Next_Level_X=300 elseif game.Players.LocalPlayer.Data.Level.Value==300 or game.Players.LocalPlayer.Data.Level.Value<=324 or SelectMonster=="Military Soldier"then if game.Players.LocalPlayer.Data.Level.Value>=350 then SelectBoss_P="Magma Admiral"end Ms="Military Soldier"NameQuest="MagmaQuest"QuestLv=1 NameMon="Military Soldier"CFrameQ=CFrame.new(-5316.55859,12.2370615,8517.2998,.588437557,-1.37880001e-008,-0.808542669,-2.10116209e-008,1,-3.23446478e-008,.808542669,3.60215964e-008,.588437557)CFrameMon=CFrame.new(-5363.01123,41.5056877,8548.47266,-0.578253984,-3.29503091e-010,.815856814,9.11209668e-008,1,6.498761e-008,-0.815856814,1.11920997e-007,-0.578253984)if SelectMonster=="Military Soldier"then else Next_Level_X=325 end elseif game.Players.LocalPlayer.Data.Level.Value==325 or game.Players.LocalPlayer.Data.Level.Value<=374 or SelectMonster=="Military Spy"then if game.Players.LocalPlayer.Data.Level.Value>=350 then SelectBoss_P="Magma Admiral"end Ms="Military Spy"NameQuest="MagmaQuest"QuestLv=2 NameMon="Military Spy"CFrameQ=CFrame.new(-5316.55859,12.2370615,8517.2998,.588437557,-1.37880001e-008,-0.808542669,-2.10116209e-008,1,-3.23446478e-008,.808542669,3.60215964e-008,.588437557)CFrameMon=CFrame.new(-5787.99023,120.864456,8762.25293,-0.188358366,-1.84706277e-008,.982100308,-1.23782129e-007,1,-4.93306951e-009,-0.982100308,-1.22495649e-007,-0.188358366)SelectMonster="Military Soldier"Next_Level_X=375 elseif game.Players.LocalPlayer.Data.Level.Value==375 or game.Players.LocalPlayer.Data.Level.Value<=399 or SelectMonster=="Fishman Warrior"then if game.Players.LocalPlayer.Data.Level.Value>=425 then SelectBoss_P="Fishman Lord"end Ms="Fishman Warrior"NameQuest="FishmanQuest"QuestLv=1 NameMon="Fishman Warrior"CFrameQ=CFrame.new(61122.5625,18.4716396,1568.16504)CFrameMon=CFrame.new(60946.6094,48.6735229,1525.91687,-0.0817126185,8.90751153e-008,.996655822,2.00889794e-008,1,-8.77269599e-008,-0.996655822,1.28533992e-008,-0.0817126185)if SelectMonster=="Fishman Warrior"then else Next_Level_X=400 end elseif game.Players.LocalPlayer.Data.Level.Value==400 or game.Players.LocalPlayer.Data.Level.Value<=449 or SelectMonster=="Fishman Commando"then if game.Players.LocalPlayer.Data.Level.Value>=425 then SelectBoss_P="Fishman Lord"end Ms="Fishman Commando"NameQuest="FishmanQuest"QuestLv=2 NameMon="Fishman Commando"CFrameQ=CFrame.new(61122.5625,18.4716396,1568.16504)CFrameMon=CFrame.new(61902.7383,18.4828358,1478.33936,-0.803795099,0,-0.594906271,0,1,0,.594906271,0,-0.803795099)if SelectMonster=="Fishman Commando"then else Next_Level_X=450 end SelectMonster="Fishman Warrior"elseif game.Players.LocalPlayer.Data.Level.Value==450 or game.Players.LocalPlayer.Data.Level.Value<=474 or SelectMonster=="God\'s Guard"then Ms="God\'s Guard"NameQuest="SkyExp1Quest"QuestLv=1 NameMon="God\'s Guards"CFrameQ=CFrame.new(-4721.71436,845.277161,-1954.20105)CFrameMon=CFrame.new(-4716.95703,853.089722,-1933.925427)if SelectMonster=="God\'s Guard"then else Next_Level_X=475 end SelectMonster="Fishman Commando"elseif game.Players.LocalPlayer.Data.Level.Value==475 or game.Players.LocalPlayer.Data.Level.Value<=524 or SelectMonster=="Shanda"then Ms="Shanda"NameQuest="SkyExp1Quest"QuestLv=2 NameMon="Shandas"CFrameQ=CFrame.new(-7859.09814,5544.19043,-381.476196)CFrameMon=CFrame.new(-7904.57373,5584.37646,-459.62973)if game.Players.LocalPlayer.Data.Level.Value>=500 then SelectBoss_P="Wysper"end if SelectMonster=="Shanda"then else Next_Level_X=525 end SelectMonster="God\'s Guard"elseif game.Players.LocalPlayer.Data.Level.Value==525 or game.Players.LocalPlayer.Data.Level.Value<=549 or SelectMonster=="Royal Squad"then Ms="Royal Squad"NameQuest="SkyExp2Quest"QuestLv=1 NameMon="Royal Squad"CFrameQ=CFrame.new(-7906.81592,5634.6626,-1411.99194,0,0,-1,0,1,0,1,0,0)CFrameMon=CFrame.new(-7555.04199,5606.90479,-1303.24744,-0.896107852,-9.6057462e-010,-0.443836004,-4.24974544e-009,1,6.41599973e-009,.443836004,7.63560326e-009,-0.896107852)if SelectMonster=="Royal Squad"then else Next_Level_X=550 end SelectMonster="Shanda"elseif game.Players.LocalPlayer.Data.Level.Value==550 or game.Players.LocalPlayer.Data.Level.Value<=624 or SelectMonster=="Royal Soldier"then if game.Players.LocalPlayer.Data.Level.Value>=575 then SelectBoss_P="Thunder God"end Ms="Royal Soldier"NameQuest="SkyExp2Quest"QuestLv=2 NameMon="Royal Soldier"CFrameQ=CFrame.new(-7906.81592,5634.6626,-1411.99194,0,0,-1,0,1,0,1,0,0)CFrameMon=CFrame.new(-7837.31152,5649.65186,-1791.08582,-0.716008604,.0104285581,-0.698013008,5.02521061e-006,.99988848,.0149335321,.69809103,.0106890313,-0.715928733)if SelectMonster=="Royal Soldier"then else Next_Level_X=625 end SelectMonster="Royal Squad"elseif game.Players.LocalPlayer.Data.Level.Value==625 or game.Players.LocalPlayer.Data.Level.Value<=649 or SelectMonster=="Galley Pirate"then Ms="Galley Pirate"NameQuest="FountainQuest"QuestLv=1 NameMon="Galley Pirate"CFrameQ=CFrame.new(5259.81982,37.3500175,4050.0293,.087131381,0,.996196866,0,1,0,-0.996196866,0,.087131381)CFrameMon=CFrame.new(5569.80518,38.5269432,3849.01196,.896460414,3.98027495e-008,.443124533,-1.34262139e-008,1,-6.26611296e-008,-0.443124533,5.02237434e-008,.896460414)if SelectMonster=="Galley Pirate"then else Next_Level_X=650 end elseif game.Players.LocalPlayer.Data.Level.Value>=650 or SelectMonster=="Galley Captain"then if game.Players.LocalPlayer.Data.Level.Value>=675 then SelectBoss_P="Cyborg"end Ms="Galley Captain"NameQuest="FountainQuest"QuestLv=2 NameMon="Galley Captain"CFrameQ=CFrame.new(5259.81982,37.3500175,4050.0293,.087131381,0,.996196866,0,1,0,-0.996196866,0,.087131381)CFrameMon=CFrame.new(5782.90186,94.5326462,4716.78174,.361808896,-1.24757526e-006,-0.932252586,2.16989656e-006,1,-4.96097414e-007,.932252586,-1.84339774e-006,.361808896)SelectMonster="Galley Pirate"Next_Level_X=9999 end end if New_World then if game.Players.LocalPlayer.Data.Level.Value==700 or game.Players.LocalPlayer.Data.Level.Value<=724 or SelectMonster=="Raider"then Ms="Raider"NameQuest="Area1Quest"QuestLv=1 NameMon="Raider"CFrameQ=CFrame.new(-429.543518,71.7699966,1836.18188,-0.22495985,0,-0.974368095,0,1,0,.974368095,0,-0.22495985)CFrameMon=CFrame.new(-737.026123,10.1748352,2392.57959,.272128761,0,-0.962260842,0,1,0,.962260842,0,.272128761)if SelectMonster=="Raider"then else Next_Level_X=725 end elseif game.Players.LocalPlayer.Data.Level.Value==725 or game.Players.LocalPlayer.Data.Level.Value<=774 or SelectMonster=="Mercenary"then if game.Players.LocalPlayer.Data.Level.Value>=750 then SelectBoss_P="Diamond"end Ms="Mercenary"NameQuest="Area1Quest"QuestLv=2 NameMon="Mercenary"CFrameQ=CFrame.new(-429.543518,71.7699966,1836.18188,-0.22495985,0,-0.974368095,0,1,0,.974368095,0,-0.22495985)CFrameMon=CFrame.new(-1022.21271,72.9855194,1891.39148,-0.990782857,0,-0.135460541,0,1,0,.135460541,0,-0.990782857)if SelectMonster=="Mercenary"then else Next_Level_X=775 end SelectMonster="Raider"elseif game.Players.LocalPlayer.Data.Level.Value==775 or game.Players.LocalPlayer.Data.Level.Value<=799 or SelectMonster=="Swan Pirate"then Ms="Swan Pirate"NameQuest="Area2Quest"QuestLv=1 NameMon="Swan Pirate"CFrameQ=CFrame.new(638.43811,71.769989,918.282898,.139203906,0,.99026376,0,1,0,-0.99026376,0,.139203906)CFrameMon=CFrame.new(976.467651,111.174057,1229.1084,.00852567982,-4.73897828e-008,-0.999963999,1.12251888e-008,1,-4.7295778e-008,.999963999,-1.08215579e-008,.00852567982)if SelectMonster=="Swan Pirate"then else Next_Level_X=800 end elseif game.Players.LocalPlayer.Data.Level.Value==800 or game.Players.LocalPlayer.Data.Level.Value<=874 or SelectMonster=="Factory Staff"then Ms="Factory Staff"NameQuest="Area2Quest"QuestLv=2 NameMon="Factory Staff"CFrameQ=CFrame.new(638.43811,71.769989,918.282898,.139203906,0,.99026376,0,1,0,-0.99026376,0,.139203906)CFrameMon=CFrame.new(336.74585,73.1620483,-224.129272,.993632793,3.40154607e-008,.112668738,-3.87658332e-008,1,3.99718729e-008,-0.112668738,-4.40850592e-008,.993632793)if SelectMonster=="Factory Staff"then else Next_Level_X=875 end if game.Players.LocalPlayer.Data.Level.Value>=850 then SelectBoss_P="Jeremy"end SelectMonster="Swan Pirate"elseif game.Players.LocalPlayer.Data.Level.Value==875 or game.Players.LocalPlayer.Data.Level.Value<=899 or SelectMonster=="Marine Lieutenant"then Ms="Marine Lieutenant"NameQuest="MarineQuest3"QuestLv=1 NameMon="Marine Lieutenant"CFrameQ=CFrame.new(-2440.79639,71.7140732,-3216.06812,.866007268,0,.500031412,0,1,0,-0.500031412,0,.866007268)CFrameMon=CFrame.new(-2842.69922,72.9919434,-2901.90479,-0.762281299,0,-0.64724648,0,1.00000012,0,.64724648,0,-0.762281299)if SelectMonster=="Marine Lieutenant"then else Next_Level_X=900 end elseif game.Players.LocalPlayer.Data.Level.Value==900 or game.Players.LocalPlayer.Data.Level.Value<=949 or SelectMonster=="Marine Captain"then Ms="Marine Captain"NameQuest="MarineQuest3"QuestLv=2 NameMon="Marine Captain"CFrameQ=CFrame.new(-2440.79639,71.7140732,-3216.06812,.866007268,0,.500031412,0,1,0,-0.500031412,0,.866007268)CFrameMon=CFrame.new(-1814.70313,72.9919434,-3208.86621,-0.900422215,7.93464423e-008,-0.435017526,3.68856199e-008,1,1.06050372e-007,.435017526,7.94441988e-008,-0.900422215)if game.Players.LocalPlayer.Data.Level.Value>=925 then SelectBoss_P="Fajita"end if SelectMonster=="Marine Captain"then else Next_Level_X=950 end SelectMonster="Marine Lieutenant"elseif game.Players.LocalPlayer.Data.Level.Value==950 or game.Players.LocalPlayer.Data.Level.Value<=974 or SelectMonster=="Zombie"then Ms="Zombie"NameQuest="ZombieQuest"QuestLv=1 NameMon="Zombie"CFrameQ=CFrame.new(-5497.06152,47.5923004,-795.237061,-0.29242146,0,-0.95628953,0,1,0,.95628953,0,-0.29242146)CFrameMon=CFrame.new(-5649.23438,126.0578,-737.773743,.355238914,-8.10359282e-008,.934775114,1.65461245e-008,1,8.04023372e-008,-0.934775114,-1.3095117e-008,.355238914)if SelectMonster=="Zombie"then else Next_Level_X=975 end Bypass_TP_Dis=true elseif game.Players.LocalPlayer.Data.Level.Value==975 or game.Players.LocalPlayer.Data.Level.Value<=999 or SelectMonster=="Vampire"then Ms="Vampire"NameQuest="ZombieQuest"QuestLv=2 NameMon="Vampire"CFrameQ=CFrame.new(-5497.06152,47.5923004,-795.237061,-0.29242146,0,-0.95628953,0,1,0,.95628953,0,-0.29242146)CFrameMon=CFrame.new(-6030.32031,.4377408,-1313.5564,-0.856965423,3.9138893e-008,-0.515373945,-1.12178942e-008,1,9.45958547e-008,.515373945,8.68467822e-008,-0.856965423)if SelectMonster=="Vampire"then else Next_Level_X=1000 end Bypass_TP_Dis=true SelectMonster="Zombie"elseif game.Players.LocalPlayer.Data.Level.Value==1000 or game.Players.LocalPlayer.Data.Level.Value<=1049 or SelectMonster=="Snow Trooper"then Ms="Snow Trooper"NameQuest="SnowMountainQuest"QuestLv=1 NameMon="Snow Trooper"CFrameQ=CFrame.new(609.858826,400.119904,-5372.25928,-0.374604106,0,.92718488,0,1,0,-0.92718488,0,-0.374604106)CFrameMon=CFrame.new(621.003418,391.361053,-5335.43604,.481644779,0,.876366913,0,1,0,-0.876366913,0,.481644779)if SelectMonster=="Snow Trooper"then else Next_Level_X=1050 end elseif game.Players.LocalPlayer.Data.Level.Value==1050 or game.Players.LocalPlayer.Data.Level.Value<=1099 or SelectMonster=="Winter Warrior"then Ms="Winter Warrior"NameQuest="SnowMountainQuest"QuestLv=2 NameMon="Winter Warrior"CFrameQ=CFrame.new(609.858826,400.119904,-5372.25928,-0.374604106,0,.92718488,0,1,0,-0.92718488,0,-0.374604106)CFrameMon=CFrame.new(1295.62683,429.447784,-5087.04492,-0.698032081,-8.28980049e-008,-0.71606636,-1.98835952e-008,1,-9.63858184e-008,.71606636,-5.30424877e-008,-0.698032081)if SelectMonster=="Winter Warrior"then else Next_Level_X=1100 end SelectMonster="Snow Trooper"elseif game.Players.LocalPlayer.Data.Level.Value==1100 or game.Players.LocalPlayer.Data.Level.Value<=1124 or SelectMonster=="Lab Subordinate"then Ms="Lab Subordinate"NameQuest="IceSideQuest"QuestLv=1 NameMon="Lab Subordinate"CFrameQ=CFrame.new(-6064.06885,15.2422857,-4902.97852,.453972578,0,-0.891015649,0,1,0,.891015649,0,.453972578)CFrameMon=CFrame.new(-5769.2041,37.9288292,-4468.38721,-0.569419742,-2.49055017e-008,.822046936,-6.96206541e-008,1,-1.79282633e-008,-0.822046936,-6.74401548e-008,-0.569419742)if SelectMonster=="Lab Subordinate"then else Next_Level_X=1125 end elseif game.Players.LocalPlayer.Data.Level.Value==1125 or game.Players.LocalPlayer.Data.Level.Value<=1174 or SelectMonster=="Horned Warrior"then if game.Players.LocalPlayer.Data.Level.Value>=1150 then SelectBoss_P="Smoke Admiral"end Ms="Horned Warrior"NameQuest="IceSideQuest"QuestLv=2 NameMon="Horned Warrior"CFrameQ=CFrame.new(-6064.06885,15.2422857,-4902.97852,.453972578,0,-0.891015649,0,1,0,.891015649,0,.453972578)CFrameMon=CFrame.new(-6401.27979,15.9775667,-5948.24316,.388303697,0,-0.921531856,0,1,0,.921531856,0,.388303697)if SelectMonster=="Horned Warrior"then else Next_Level_X=1175 end SelectMonster="Lab Subordinate"elseif game.Players.LocalPlayer.Data.Level.Value==1175 or game.Players.LocalPlayer.Data.Level.Value<=1199 or SelectMonster=="Magma Ninja"then Ms="Magma Ninja"NameQuest="FireSideQuest"QuestLv=1 NameMon="Magma Ninja"CFrameQ=CFrame.new(-5428.03174,15.0622921,-5299.43457,-0.882952213,0,.469463557,0,1,0,-0.469463557,0,-0.882952213)CFrameMon=CFrame.new(-5466.06445,57.6952019,-5837.42822,-0.988835871,0,-0.149006829,0,1,0,.149006829,0,-0.988835871)if SelectMonster=="Magma Ninja"then else Next_Level_X=1200 end elseif game.Players.LocalPlayer.Data.Level.Value==1200 or game.Players.LocalPlayer.Data.Level.Value<=1249 or SelectMonster=="Lava Pirate"then Ms="Lava Pirate"NameQuest="FireSideQuest"QuestLv=2 NameMon="Lava Pirate"CFrameQ=CFrame.new(-5431.09473,15.9868021,-5296.53223,.831796765,1.15322464e-007,-0.555080295,-1.10814341e-007,1,4.17010995e-008,.555080295,2.68240168e-008,.831796765)CFrameMon=CFrame.new(-5169.71729,34.1234779,-4669.73633,-0.196780294,0,.98044765,0,1.00000012,0,-0.98044765,0,-0.196780294)if SelectMonster=="Lava Pirate"then else Next_Level_X=1250 end SelectMonster="Magma Ninja"elseif game.Players.LocalPlayer.Data.Level.Value==1250 or game.Players.LocalPlayer.Data.Level.Value<=1274 or SelectMonster=="Ship Deckhand"then Ms="Ship Deckhand"NameQuest="ShipQuest1"QuestLv=1 NameMon="Ship Deckhand"CFrameQ=CFrame.new(1037.80127,125.092171,32911.6016,-0.244533166,0,-0.969640911,0,1.00000012,0,.96964103,0,-0.244533136)CFrameMon=CFrame.new(1163.80872,138.288452,33058.4258,-0.998580813,5.49076979e-008,-0.0532564968,5.57436763e-008,1,-1.42118655e-008,.0532564968,-1.71604082e-008,-0.998580813)if SelectMonster=="Ship Deckhand"then else Next_Level_X=1275 end elseif game.Players.LocalPlayer.Data.Level.Value==1275 or game.Players.LocalPlayer.Data.Level.Value<=1299 or SelectMonster=="Ship Engineer"then Ms="Ship Engineer"NameQuest="ShipQuest1"QuestLv=2 NameMon="Ship Engineer"CFrameQ=CFrame.new(1037.80127,125.092171,32911.6016,-0.244533166,0,-0.969640911,0,1.00000012,0,.96964103,0,-0.244533136)CFrameMon=CFrame.new(921.30249023438,125.400390625,32937.34375)if SelectMonster=="Ship Engineer"then else Next_Level_X=1300 end SelectMonster="Ship Deckhand"elseif game.Players.LocalPlayer.Data.Level.Value==1300 or game.Players.LocalPlayer.Data.Level.Value<=1324 or SelectMonster=="Ship Steward"then Ms="Ship Steward"NameQuest="ShipQuest2"QuestLv=1 NameMon="Ship Steward"CFrameQ=CFrame.new(968.80957,125.092171,33244.125,-0.869560242,1.51905191e-008,-0.493826836,1.44108379e-008,1,5.38534195e-009,.493826836,-2.43357912e-009,-0.869560242)CFrameMon=CFrame.new(917.96057128906,136.89932250977,33343.4140625)if SelectMonster=="Ship Steward"then else Next_Level_X=1325 end SelectMonster="Ship Deckhand"elseif game.Players.LocalPlayer.Data.Level.Value==1325 or game.Players.LocalPlayer.Data.Level.Value<=1349 or SelectMonster=="Ship Officer"then Ms="Ship Officer"NameQuest="ShipQuest2"QuestLv=2 NameMon="Ship Officer"CFrameQ=CFrame.new(968.80957,125.092171,33244.125,-0.869560242,1.51905191e-008,-0.493826836,1.44108379e-008,1,5.38534195e-009,.493826836,-2.43357912e-009,-0.869560242)CFrameMon=CFrame.new(944.44964599609,181.40081787109,33278.9453125)if SelectMonster=="Ship Officer"then else Next_Level_X=1350 end SelectMonster="Ship Steward"elseif game.Players.LocalPlayer.Data.Level.Value==1350 or game.Players.LocalPlayer.Data.Level.Value<=1374 or SelectMonster=="Arctic Warrior"then Ms="Arctic Warrior"NameQuest="FrostQuest"QuestLv=1 NameMon="Arctic Warrior"CFrameQ=CFrame.new(5667.6582,26.7997818,-6486.08984,-0.933587909,0,-0.358349502,0,1,0,.358349502,0,-0.933587909)CFrameMon=CFrame.new(5878.23486,81.3886948,-6136.35596,-0.451037169,2.3908234e-007,.892505825,-1.08168464e-007,1,-3.22542007e-007,-0.892505825,-2.4201924e-007,-0.451037169)if SelectMonster=="Arctic Warrior"then else Next_Level_X=1375 end elseif game.Players.LocalPlayer.Data.Level.Value==1375 or game.Players.LocalPlayer.Data.Level.Value<=1424 or SelectMonster=="Snow Lurker"then if game.Players.LocalPlayer.Data.Level.Value>=1400 then SelectBoss_P="Awakened Ice Admiral"end Ms="Snow Lurker"NameQuest="FrostQuest"QuestLv=2 NameMon="Snow Lurker"CFrameQ=CFrame.new(5667.6582,26.7997818,-6486.08984,-0.933587909,0,-0.3583